37998 38611 39875 68206 
46848 61954 66863 
34132 65545 
21833 25337 36809 44855 47772 57098 58522 97554 
18781 76380 
2435 18774 31827 38734 76523 
31184 52792 63170 63612 
36724 39509 51013 53276 
40320 55829 62984 
36551 39929 50192 69557 
19874 43137 51976 86134 97523 
27920 41039 41403 50333 53607 72112 74124 
21692 42655 48792 53094 85366 
4118 12080 46115 56674 66989 82370 
44013 44340 49691 52203 61012 67160 
43866 55352 56893 61176 68820 81086 
24868 55623 64468 79470 
7721 11619 45948 51758 59876 65728 73957 
5700 42551 52658 54503 61935 
27067 38323 44452 47158 51869 
30887 44997 55516 64308 66206 
32776 34053 35428 57483 64960 70007 
29963 50713 51667 52003 59693 
44959 52351 52373 54491 57565 58431 76660 87713 
15897 25626 27741 56673 60075 69655 
34604 38996 54175 63379 66243 69514 96340 
13428 47805 55418 56753 59050 67583 73059 
53239 55487 60698 62501 63297 
8134 41800 56966 59725 72976 
36493 57512 71508 
35289 40112 44307 50881 
39102 67180 
28040 33008 36602 45262 47040 50160 54182 82354 
33055 37328 50208 66357 68637 
43329 47327 49618 50437 55424 60507 79267 
36290 41259 50475 51878 55903 
12755 29079 45417 46120 47813 48429 51718 87501 
32590 46470 52583 52946 
34496 48013 
30994 52682 58298 99441 
35479 50380 63215 76294 78961 
26523 43371 47346 53692 64356 68805 
46083 58489 59535 
13266 16569 24411 30950 
24730 41529 63795 95421 96540 
49654 61015 65220 
34484 48689 73689 90574 98207 
7517 45206 58432 59473 73172 88003 
35296 36643 51081 
23804 44545 56606 
19762 22586 42125 52510 53006 
13311 41809 53053 53983 
39391 40208 57722 85713 
13024 37592 40124 44452 47625 68526 70311 93293 
51006 
53415 54165 63951 72890 99217 

27127 30097 32392 47210 53092 59776 
38485 51238 51465 73656 74140 
28616 44223 51456 56398 56952 
62685 65101 
9130 51021 55949 59036 83253 93744 
45353 49654 58441 60255 66290 
29361 53188 
25196 30811 40140 45337 52165 
42745 54017 58982 62906 76566 
28001 31502 71334 
43125 48331 54641 57381 60382 69926 71448 
8619 17213 36843 44335 49815 50891 53320 56032 
50003 52960 66364 76376 
34920 44294 45668 52275 
46100 49092 50480 50975 53385 
14194 29520 48099 48283 70875 76328 
7514 40760 64788 
3312 31952 34705 44247 45081 59314 61514 87751 
48123 49587 55208 56172 61426 62088 
18974 35517 35783 68259 87399 
8980 31306 56379 73975 
34534 46035 48998 50055 52444 62373 
30221 39002 51517 52515 58015 74129 
35868 36209 42242 46998 49947 64803 70998 78212 
46702 76582 
34347 43346 50998 58712 68001 79242 
45169 60306 78392 
43941 
42426 43425 48976 51016 
28846 46437 47507 50339 50394 51394 58859 
27440 49418 52766 81859 84601 
17446 18113 37405 42960 47111 51688 67904 80941 
34559 45197 51378 53110 62885 67858 
15443 44838 54215 74004 
32790 52513 58712 73393 
24702 46186 50749 
56305 56370 58636 
29423 37489 38725 48809 50634 52736 56162 56549 57142 
45188 
41048 47104 48559 
45003 50277 79244 97258 
28331 38229 48827 66455 73511 
1771 36664 52784 
